2
3
4
5
6
7
9
11
13
15
17
19
20
23
29
31
37
41
43
44
47
53
59
61
67
71
73
77
79
83
89
97
101
102
103
105
107
109
111
113
127
131
137
139
149
151
153
157
163
167
173
179
181
191
193
197
199
211
221
223
227
229
233
234
239
241
245
251
253
257
263
269
271
273
277
281
283
293
301
305
307
311
313
317
331
333
337
347
349
353
359
363
367
373
379
383
389
395
397
401
409
411
419
421
431
433
439
443
444
449
457
461
463
467
479
481
487
491
499
503
507
509
521
523
541
547
557
561
563
569
571
577
587
593
597
599
601
607
613
617
619
631
641
643
645
647
653
659
661
673
677
683
691
701
703
704
709
719
727
733
739
743
751
757
761
769
773
787
797
809
810
811
821
823
825
827
829
839
853
857
859
863
877
880
881
883
887
907
910
911
919
929
937
941
947
953
967
971
977
983
991
997
999
1000
1009
1013
1019
1021
1031
1033
1039
1049
1051
1057
1061
1063
1069
1087
1091
1092
1093
1095
1097
1100
1103
1109
1117
1123
1129
1151
1153
1163
1171
1181
1187
1193
1200
1201
1212
1213
1217
1223